0001 8
0002 6
0003 4
0004 2
0005 9
0006 7
0007 5
0008 3
0009 1
0010 9
0011 7
0012 5
0013 3
0014 1
0015 8
0016 6
0017 4
0018 2
0019 0
0020 8
0021 6
0022 4
0023 2
0024 0
0025 7
0026 5
0027 3
0028 1
0029 9
0030 7
0031 5
0032 3
0033 1
0034 9
0035 6
0036 4
0037 2
0038 0
0039 8
0040 6
0041 4
0042 2
0043 0
0044 8
0045 5
0046 3
0047 1
0048 9
0049 7
0050 5
0051 3
0052 1
0053 9
0054 7
0055 4
0056 2
0057 0
0058 8
0059 6
0060 4
0061 2
0062 0
0063 8
0064 6
0065 3
0066 1
0067 9
0068 7
0069 5
0070 3
0071 1
0072 9
0073 7
0074 5
0075 2
0076 0
0077 8
0078 6
0079 4
0080 2
0081 0
0082 8
0083 6
0084 4
0085 1
0086 9
0087 7
0088 5
0089 3
0090 1
0091 9
0092 7
0093 5
0094 3
0095 0
0096 8
0097 6
0098 4
0099 2
0100 8
0101 6
0102 4
0103 2
0104 0
0105 7
0106 5
0107 3
0108 1
0109 9
0110 7
0111 5
0112 3
0113 1
0114 9
0115 6
0116 4
0117 2
0118 0
0119 8
0120 6
0121 4
0122 2
0123 0
0124 8
0125 5
0126 3
0127 1
0128 9
0129 7
0130 5
0131 3
0132 1
0133 9
0134 7
0135 4
0136 2
0137 0
0138 8
0139 6
0140 4
0141 2
0142 0
0143 8
0144 6
0145 3
0146 1
0147 9
0148 7
0149 5
0150 3
0151 1
0152 9
0153 7
0154 5
0155 2
0156 0
0157 8
0158 6
0159 4
0160 2
0161 0
0162 8
0163 6
0164 4
0165 1
0166 9
0167 7
0168 5
0169 3
0170 1
0171 9
0172 7
0173 5
0174 3
0175 0
0176 8
0177 6
0178 4
0179 2
0180 0
0181 8
0182 6
0183 4
0184 2
0185 9
0186 7
0187 5
0188 3
0189 1
0190 9
0191 7
0192 5
0193 3
0194 1
0195 8
0196 6
0197 4
0198 2
0199 0
0200 6
0201 4
0202 2
0203 0
0204 8
0205 5
0206 3
0207 1
0208 9
0209 7
0210 5
0211 3
0212 1
0213 9
0214 7
0215 4
0216 2
0217 0
0218 8
0219 6
0220 4
0221 2
0222 0
0223 8
0224 6
0225 3
0226 1
0227 9
0228 7
0229 5
0230 3
0231 1
0232 9
0233 7
0234 5
0235 2
0236 0
0237 8
0238 6
0239 4
0240 2
0241 0
0242 8
0243 6
0244 4
0245 1
0246 9
0247 7
0248 5
0249 3
0250 1
0251 9
0252 7
0253 5
0254 3
0255 0
0256 8
0257 6
0258 4
0259 2
0260 0
0261 8
0262 6
0263 4
0264 2
0265 9
0266 7
0267 5
0268 3
0269 1
0270 9
0271 7
0272 5
0273 3
0274 1
0275 8
0276 6
0277 4
0278 2
0279 0
0280 8
0281 6
0282 4
0283 2
0284 0
0285 7
0286 5
0287 3
0288 1
0289 9
0290 7
0291 5
0292 3
0293 1
0294 9
0295 6
0296 4
0297 2
0298 0
0299 8
0300 4
0301 2
0302 0
0303 8
0304 6
0305 3
0306 1
0307 9
0308 7
0309 5
0310 3
0311 1
0312 9
0313 7
0314 5
0315 2
0316 0
0317 8
0318 6
0319 4
0320 2
0321 0
0322 8
0323 6
0324 4
0325 1
0326 9
0327 7
0328 5
0329 3
0330 1
0331 9
0332 7
0333 5
0334 3
0335 0
0336 8
0337 6
0338 4
0339 2
0340 0
0341 8
0342 6
0343 4
0344 2
0345 9
0346 7
0347 5
0348 3
0349 1
0350 9
0351 7
0352 5
0353 3
0354 1
0355 8
0356 6
0357 4
0358 2
0359 0
0360 8
0361 6
0362 4
0363 2
0364 0
0365 7
0366 5
0367 3
0368 1
0369 9
0370 7
0371 5
0372 3
0373 1
0374 9
0375 6
0376 4
0377 2
0378 0
0379 8
0380 6
0381 4
0382 2
0383 0
0384 8
0385 5
0386 3
0387 1
0388 9
0389 7
0390 5
0391 3
0392 1
0393 9
0394 7
0395 4
0396 2
0397 0
0398 8
0399 6
0400 2
0401 0
0402 8
0403 6
0404 4
0405 1
0406 9
0407 7
0408 5
0409 3
0410 1
0411 9
0412 7
0413 5
0414 3
0415 0
0416 8
0417 6
0418 4
0419 2
0420 0
0421 8
0422 6
0423 4
0424 2
0425 9
0426 7
0427 5
0428 3
0429 1
0430 9
0431 7
0432 5
0433 3
0434 1
0435 8
0436 6
0437 4
0438 2
0439 0
0440 8
0441 6
0442 4
0443 2
0444 0
0445 7
0446 5
0447 3
0448 1
0449 9
0450 7
0451 5
0452 3
0453 1
0454 9
0455 6
0456 4
0457 2
0458 0
0459 8
0460 6
0461 4
0462 2
0463 0
0464 8
0465 5
0466 3
0467 1
0468 9
0469 7
0470 5
0471 3
0472 1
0473 9
0474 7
0475 4
0476 2
0477 0
0478 8
0479 6
0480 4
0481 2
0482 0
0483 8
0484 6
0485 3
0486 1
0487 9
0488 7
0489 5
0490 3
0491 1
0492 9
0493 7
0494 5
0495 2
0496 0
0497 8
0498 6
0499 4
0500 9
0501 7
0502 5
0503 3
0504 1
0505 8
0506 6
0507 4
0508 2
0509 0
0510 8
0511 6
0512 4
0513 2
0514 0
0515 7
0516 5
0517 3
0518 1
0519 9
0520 7
0521 5
0522 3
0523 1
0524 9
0525 6
0526 4
0527 2
0528 0
0529 8
0530 6
0531 4
0532 2
0533 0
0534 8
0535 5
0536 3
0537 1
0538 9
0539 7
0540 5
0541 3
0542 1
0543 9
0544 7
0545 4
0546 2
0547 0
0548 8
0549 6
0550 4
0551 2
0552 0
0553 8
0554 6
0555 3
0556 1
0557 9
0558 7
0559 5
0560 3
0561 1
0562 9
0563 7
0564 5
0565 2
0566 0
0567 8
0568 6
0569 4
0570 2
0571 0
0572 8
0573 6
0574 4
0575 1
0576 9
0577 7
0578 5
0579 3
0580 1
0581 9
0582 7
0583 5
0584 3
0585 0
0586 8
0587 6
0588 4
0589 2
0590 0
0591 8
0592 6
0593 4
0594 2
0595 9
0596 7
0597 5
0598 3
0599 1
0600 7
0601 5
0602 3
0603 1
0604 9
0605 6
0606 4
0607 2
0608 0
0609 8
0610 6
0611 4
0612 2
0613 0
0614 8
0615 5
0616 3
0617 1
0618 9
0619 7
0620 5
0621 3
0622 1
0623 9
0624 7
0625 4
0626 2
0627 0
0628 8
0629 6
0630 4
0631 2
0632 0
0633 8
0634 6
0635 3
0636 1
0637 9
0638 7
0639 5
0640 3
0641 1
0642 9
0643 7
0644 5
0645 2
0646 0
0647 8
0648 6
0649 4
0650 2
0651 0
0652 8
0653 6
0654 4
0655 1
0656 9
0657 7
0658 5
0659 3
0660 1
0661 9
0662 7
0663 5
0664 3
0665 0
0666 8
0667 6
0668 4
0669 2
0670 0
0671 8
0672 6
0673 4
0674 2
0675 9
0676 7
0677 5
0678 3
0679 1
0680 9
0681 7
0682 5
0683 3
0684 1
0685 8
0686 6
0687 4
0688 2
0689 0
0690 8
0691 6
0692 4
0693 2
0694 0
0695 7
0696 5
0697 3
0698 1
0699 9
0700 5
0701 3
0702 1
0703 9
0704 7
0705 4
0706 2
0707 0
0708 8
0709 6
0710 4
0711 2
0712 0
0713 8
0714 6
0715 3
0716 1
0717 9
0718 7
0719 5
0720 3
0721 1
0722 9
0723 7
0724 5
0725 2
0726 0
0727 8
0728 6
0729 4
0730 2
0731 0
0732 8
0733 6
0734 4
0735 1
0736 9
0737 7
0738 5
0739 3
0740 1
0741 9
0742 7
0743 5
0744 3
0745 0
0746 8
0747 6
0748 4
0749 2
0750 0
0751 8
0752 6
0753 4
0754 2
0755 9
0756 7
0757 5
0758 3
0759 1
0760 9
0761 7
0762 5
0763 3
0764 1
0765 8
0766 6
0767 4
0768 2
0769 0
0770 8
0771 6
0772 4
0773 2
0774 0
0775 7
0776 5
0777 3
0778 1
0779 9
0780 7
0781 5
0782 3
0783 1
0784 9
0785 6
0786 4
0787 2
0788 0
0789 8
0790 6
0791 4
0792 2
0793 0
0794 8
0795 5
0796 3
0797 1
0798 9
0799 7
0800 3
0801 1
0802 9
0803 7
0804 5
0805 2
0806 0
0807 8
0808 6
0809 4
0810 2
0811 0
0812 8
0813 6
0814 4
0815 1
0816 9
0817 7
0818 5
0819 3
0820 1
0821 9
0822 7
0823 5
0824 3
0825 0
0826 8
0827 6
0828 4
0829 2
0830 0
0831 8
0832 6
0833 4
0834 2
0835 9
0836 7
0837 5
0838 3
0839 1
0840 9
0841 7
0842 5
0843 3
0844 1
0845 8
0846 6
0847 4
0848 2
0849 0
0850 8
0851 6
0852 4
0853 2
0854 0
0855 7
0856 5
0857 3
0858 1
0859 9
0860 7
0861 5
0862 3
0863 1
0864 9
0865 6
0866 4
0867 2
0868 0
0869 8
0870 6
0871 4
0872 2
0873 0
0874 8
0875 5
0876 3
0877 1
0878 9
0879 7
0880 5
0881 3
0882 1
0883 9
0884 7
0885 4
0886 2
0887 0
0888 8
0889 6
0890 4
0891 2
0892 0
0893 8
0894 6
0895 3
0896 1
0897 9
0898 7
0899 5
0900 1
0901 9
0902 7
0903 5
0904 3
0905 0
0906 8
0907 6
0908 4
0909 2
0910 0
0911 8
0912 6
0913 4
0914 2
0915 9
0916 7
0917 5
0918 3
0919 1
0920 9
0921 7
0922 5
0923 3
0924 1
0925 8
0926 6
0927 4
0928 2
0929 0
0930 8
0931 6
0932 4
0933 2
0934 0
0935 7
0936 5
0937 3
0938 1
0939 9
0940 7
0941 5
0942 3
0943 1
0944 9
0945 6
0946 4
0947 2
0948 0
0949 8
0950 6
0951 4
0952 2
0953 0
0954 8
0955 5
0956 3
0957 1
0958 9
0959 7
0960 5
0961 3
0962 1
0963 9
0964 7
0965 4
0966 2
0967 0
0968 8
0969 6
0970 4
0971 2
0972 0
0973 8
0974 6
0975 3
0976 1
0977 9
0978 7
0979 5
0980 3
0981 1
0982 9
0983 7
0984 5
0985 2
0986 0
0987 8
0988 6
0989 4
0990 2
0991 0
0992 8
0993 6
0994 4
0995 1
0996 9
0997 7
0998 5
0999 3
1000 9
1001 7
1002 5
1003 3
1004 1
1005 8
1006 6
1007 4
1008 2
1009 0
1010 8
1011 6
1012 4
1013 2
1014 0
1015 7
1016 5
1017 3
1018 1
1019 9
1020 7
1021 5
1022 3
1023 1
1024 9
1025 6
1026 4
1027 2
1028 0
1029 8
1030 6
1031 4
1032 2
1033 0
1034 8
1035 5
1036 3
1037 1
1038 9
1039 7
1040 5
1041 3
1042 1
1043 9
1044 7
1045 4
1046 2
1047 0
1048 8
1049 6
1050 4
1051 2
1052 0
1053 8
1054 6
1055 3
1056 1
1057 9
1058 7
1059 5
1060 3
1061 1
1062 9
1063 7
1064 5
1065 2
1066 0
1067 8
1068 6
1069 4
1070 2
1071 0
1072 8
1073 6
1074 4
1075 1
1076 9
1077 7
1078 5
1079 3
1080 1
1081 9
1082 7
1083 5
1084 3
1085 0
1086 8
1087 6
1088 4
1089 2
1090 0
1091 8
1092 6
1093 4
1094 2
1095 9
1096 7
1097 5
1098 3
1099 1
1100 7
1101 5
1102 3
1103 1
1104 9
1105 6
1106 4
1107 2
1108 0
1109 8
1110 6
1111 4
1112 2
1113 0
1114 8
1115 5
1116 3
1117 1
1118 9
1119 7
1120 5
1121 3
1122 1
1123 9
1124 7
1125 4
1126 2
1127 0
1128 8
1129 6
1130 4
1131 2
1132 0
1133 8
1134 6
1135 3
1136 1
1137 9
1138 7
1139 5
1140 3
1141 1
1142 9
1143 7
1144 5
1145 2
1146 0
1147 8
1148 6
1149 4
1150 2
1151 0
1152 8
1153 6
1154 4
1155 1
1156 9
1157 7
1158 5
1159 3
1160 1
1161 9
1162 7
1163 5
1164 3
1165 0
1166 8
1167 6
1168 4
1169 2
1170 0
1171 8
1172 6
1173 4
1174 2
1175 9
1176 7
1177 5
1178 3
1179 1
1180 9
1181 7
1182 5
1183 3
1184 1
1185 8
1186 6
1187 4
1188 2
1189 0
1190 8
1191 6
1192 4
1193 2
1194 0
1195 7
1196 5
1197 3
1198 1
1199 9
1200 5
1201 3
1202 1
1203 9
1204 7
1205 4
1206 2
1207 0
1208 8
1209 6
1210 4
1211 2
1212 0
1213 8
1214 6
1215 3
1216 1
1217 9
1218 7
1219 5
1220 3
1221 1
1222 9
1223 7
1224 5
1225 2
1226 0
1227 8
1228 6
1229 4
1230 2
1231 0
1232 8
1233 6
1234 4
1235 1
1236 9
1237 7
1238 5
1239 3
1240 1
1241 9
1242 7
1243 5
1244 3
1245 0
1246 8
1247 6
1248 4
1249 2
1250 0
1251 8
1252 6
1253 4
1254 2
1255 9
1256 7
1257 5
1258 3
1259 1
1260 9
1261 7
1262 5
1263 3
1264 1
1265 8
1266 6
1267 4
1268 2
1269 0
1270 8
1271 6
1272 4
1273 2
1274 0
1275 7
1276 5
1277 3
1278 1
1279 9
1280 7
1281 5
1282 3
1283 1
1284 9
1285 6
1286 4
1287 2
1288 0
1289 8
1290 6
1291 4
1292 2
1293 0
1294 8
1295 5
1296 3
1297 1
1298 9
1299 7
1300 3
1301 1
1302 9
1303 7
1304 5
1305 2
1306 0
1307 8
1308 6
1309 4
1310 2
1311 0
1312 8
1313 6
1314 4
1315 1
1316 9
1317 7
1318 5
1319 3
1320 1
1321 9
1322 7
1323 5
1324 3
1325 0
1326 8
1327 6
1328 4
1329 2
1330 0
1331 8
1332 6
1333 4
1334 2
1335 9
1336 7
1337 5
1338 3
1339 1
1340 9
1341 7
1342 5
1343 3
1344 1
1345 8
1346 6
1347 4
1348 2
1349 0
1350 8
1351 6
1352 4
1353 2
1354 0
1355 7
1356 5
1357 3
1358 1
1359 9
1360 7
1361 5
1362 3
1363 1
1364 9
1365 6
1366 4
1367 2
1368 0
1369 8
1370 6
1371 4
1372 2
1373 0
1374 8
1375 5
1376 3
1377 1
1378 9
1379 7
1380 5
1381 3
1382 1
1383 9
1384 7
1385 4
1386 2
1387 0
1388 8
1389 6
1390 4
1391 2
1392 0
1393 8
1394 6
1395 3
1396 1
1397 9
1398 7
1399 5
1400 1
1401 9
1402 7
1403 5
1404 3
1405 0
1406 8
1407 6
1408 4
1409 2
1410 0
1411 8
1412 6
1413 4
1414 2
1415 9
1416 7
1417 5
1418 3
1419 1
1420 9
1421 7
1422 5
1423 3
1424 1
1425 8
1426 6
1427 4
1428 2
1429 0
1430 8
1431 6
1432 4
1433 2
1434 0
1435 7
1436 5
1437 3
1438 1
1439 9
1440 7
1441 5
1442 3
1443 1
1444 9
1445 6
1446 4
1447 2
1448 0
1449 8
1450 6
1451 4
1452 2
1453 0
1454 8
1455 5
1456 3
1457 1
1458 9
1459 7
1460 5
1461 3
1462 1
1463 9
1464 7
1465 4
1466 2
1467 0
1468 8
1469 6
1470 4
1471 2
1472 0
1473 8
1474 6
1475 3
1476 1
1477 9
1478 7
1479 5
1480 3
1481 1
1482 9
1483 7
1484 5
1485 2
1486 0
1487 8
1488 6
1489 4
1490 2
1491 0
1492 8
1493 6
1494 4
1495 1
1496 9
1497 7
1498 5
1499 3
1500 8
1501 6
1502 4
1503 2
1504 0
1505 7
1506 5
1507 3
1508 1
1509 9
1510 7
1511 5
1512 3
1513 1
1514 9
1515 6
1516 4
1517 2
1518 0
1519 8
1520 6
1521 4
1522 2
1523 0
1524 8
1525 5
1526 3
1527 1
1528 9
1529 7
1530 5
1531 3
1532 1
1533 9
1534 7
1535 4
1536 2
1537 0
1538 8
1539 6
1540 4
1541 2
1542 0
1543 8
1544 6
1545 3
1546 1
1547 9
1548 7
1549 5
1550 3
1551 1
1552 9
1553 7
1554 5
1555 2
1556 0
1557 8
1558 6
1559 4
1560 2
1561 0
1562 8
1563 6
1564 4
1565 1
1566 9
1567 7
1568 5
1569 3
1570 1
1571 9
1572 7
1573 5
1574 3
1575 0
1576 8
1577 6
1578 4
1579 2
1580 0
1581 8
1582 6
1583 4
1584 2
1585 9
1586 7
1587 5
1588 3
1589 1
1590 9
1591 7
1592 5
1593 3
1594 1
1595 8
1596 6
1597 4
1598 2
1599 0
1600 6
1601 4
1602 2
1603 0
1604 8
1605 5
1606 3
1607 1
1608 9
1609 7
1610 5
1611 3
1612 1
1613 9
1614 7
1615 4
1616 2
1617 0
1618 8
1619 6
1620 4
1621 2
1622 0
1623 8
1624 6
1625 3
1626 1
1627 9
1628 7
1629 5
1630 3
1631 1
1632 9
1633 7
1634 5
1635 2
1636 0
1637 8
1638 6
1639 4
1640 2
1641 0
1642 8
1643 6
1644 4
1645 1
1646 9
1647 7
1648 5
1649 3
1650 1
1651 9
1652 7
1653 5
1654 3
1655 0
1656 8
1657 6
1658 4
1659 2
1660 0
1661 8
1662 6
1663 4
1664 2
1665 9
1666 7
1667 5
1668 3
1669 1
1670 9
1671 7
1672 5
1673 3
1674 1
1675 8
1676 6
1677 4
1678 2
1679 0
1680 8
1681 6
1682 4
1683 2
1684 0
1685 7
1686 5
1687 3
1688 1
1689 9
1690 7
1691 5
1692 3
1693 1
1694 9
1695 6
1696 4
1697 2
1698 0
1699 8
1700 4
1701 2
1702 0
1703 8
1704 6
1705 3
1706 1
1707 9
1708 7
1709 5
1710 3
1711 1
1712 9
1713 7
1714 5
1715 2
1716 0
1717 8
1718 6
1719 4
1720 2
1721 0
1722 8
1723 6
1724 4
1725 1
1726 9
1727 7
1728 5
1729 3
1730 1
1731 9
1732 7
1733 5
1734 3
1735 0
1736 8
1737 6
1738 4
1739 2
1740 0
1741 8
1742 6
1743 4
1744 2
1745 9
1746 7
1747 5
1748 3
1749 1
1750 9
1751 7
1752 5
1753 3
1754 1
1755 8
1756 6
1757 4
1758 2
1759 0
1760 8
1761 6
1762 4
1763 2
1764 0
1765 7
1766 5
1767 3
1768 1
1769 9
1770 7
1771 5
1772 3
1773 1
1774 9
1775 6
1776 4
1777 2
1778 0
1779 8
1780 6
1781 4
1782 2
1783 0
1784 8
1785 5
1786 3
1787 1
1788 9
1789 7
1790 5
1791 3
1792 1
1793 9
1794 7
1795 4
1796 2
1797 0
1798 8
1799 6
1800 2
1801 0
1802 8
1803 6
1804 4
1805 1
1806 9
1807 7
1808 5
1809 3
1810 1
1811 9
1812 7
1813 5
1814 3
1815 0
1816 8
1817 6
1818 4
1819 2
1820 0
1821 8
1822 6
1823 4
1824 2
1825 9
1826 7
1827 5
1828 3
1829 1
1830 9
1831 7
1832 5
1833 3
1834 1
1835 8
1836 6
1837 4
1838 2
1839 0
1840 8
1841 6
1842 4
1843 2
1844 0
1845 7
1846 5
1847 3
1848 1
1849 9
1850 7
1851 5
1852 3
1853 1
1854 9
1855 6
1856 4
1857 2
1858 0
1859 8
1860 6
1861 4
1862 2
1863 0
1864 8
1865 5
1866 3
1867 1
1868 9
1869 7
1870 5
1871 3
1872 1
1873 9
1874 7
1875 4
1876 2
1877 0
1878 8
1879 6
1880 4
1881 2
1882 0
1883 8
1884 6
1885 3
1886 1
1887 9
1888 7
1889 5
1890 3
1891 1
1892 9
1893 7
1894 5
1895 2
1896 0
1897 8
1898 6
1899 4
1900 0
1901 8
1902 6
1903 4
1904 2
1905 9
1906 7
1907 5
1908 3
1909 1
1910 9
1911 7
1912 5
1913 3
1914 1
1915 8
1916 6
1917 4
1918 2
1919 0
1920 8
1921 6
1922 4
1923 2
1924 0
1925 7
1926 5
1927 3
1928 1
1929 9
1930 7
1931 5
1932 3
1933 1
1934 9
1935 6
1936 4
1937 2
1938 0
1939 8
1940 6
1941 4
1942 2
1943 0
1944 8
1945 5
1946 3
1947 1
1948 9
1949 7
1950 5
1951 3
1952 1
1953 9
1954 7
1955 4
1956 2
1957 0
1958 8
1959 6
1960 4
1961 2
1962 0
1963 8
1964 6
1965 3
1966 1
1967 9
1968 7
1969 5
1970 3
1971 1
1972 9
1973 7
1974 5
1975 2
1976 0
1977 8
1978 6
1979 4
1980 2
1981 0
1982 8
1983 6
1984 4
1985 1
1986 9
1987 7
1988 5
1989 3
1990 1
1991 9
1992 7
1993 5
1994 3
1995 0
1996 8
1997 6
1998 4
1999 2
2000 8
2001 6
2002 4
2003 2
2004 0
2005 7
2006 5
2007 3
2008 1
2009 9
2010 7
2011 5
2012 3
2013 1
2014 9
2015 6
2016 4
2017 2
2018 0
2019 8
2020 6
2021 4
2022 2
2023 0
2024 8
2025 5
2026 3
2027 1
2028 9
2029 7
2030 5
2031 3
2032 1
2033 9
2034 7
2035 4
2036 2
2037 0
2038 8
2039 6
2040 4
2041 2
2042 0
2043 8
2044 6
2045 3
2046 1
2047 9
2048 7
2049 5
2050 3
2051 1
2052 9
2053 7
2054 5
2055 2
2056 0
2057 8
2058 6
2059 4
2060 2
2061 0
2062 8
2063 6
2064 4
2065 1
2066 9
2067 7
2068 5
2069 3
2070 1
2071 9
2072 7
2073 5
2074 3
2075 0
2076 8
2077 6
2078 4
2079 2
2080 0
2081 8
2082 6
2083 4
2084 2
2085 9
2086 7
2087 5
2088 3
2089 1
2090 9
2091 7
2092 5
2093 3
2094 1
2095 8
2096 6
2097 4
2098 2
2099 0
2100 6
2101 4
2102 2
2103 0
2104 8
2105 5
2106 3
2107 1
2108 9
2109 7
2110 5
2111 3
2112 1
2113 9
2114 7
2115 4
2116 2
2117 0
2118 8
2119 6
2120 4
2121 2
2122 0
2123 8
2124 6
2125 3
2126 1
2127 9
2128 7
2129 5
2130 3
2131 1
2132 9
2133 7
2134 5
2135 2
2136 0
2137 8
2138 6
2139 4
2140 2
2141 0
2142 8
2143 6
2144 4
2145 1
2146 9
2147 7
2148 5
2149 3
2150 1
2151 9
2152 7
2153 5
2154 3
2155 0
2156 8
2157 6
2158 4
2159 2
2160 0
2161 8
2162 6
2163 4
2164 2
2165 9
2166 7
2167 5
2168 3
2169 1
2170 9
2171 7
2172 5
2173 3
2174 1
2175 8
2176 6
2177 4
2178 2
2179 0
2180 8
2181 6
2182 4
2183 2
2184 0
2185 7
2186 5
2187 3
2188 1
2189 9
2190 7
2191 5
2192 3
2193 1
2194 9
2195 6
2196 4
2197 2
2198 0
2199 8
2200 4
2201 2
2202 0
2203 8
2204 6
2205 3
2206 1
2207 9
2208 7
2209 5
2210 3
2211 1
2212 9
2213 7
2214 5
2215 2
2216 0
2217 8
2218 6
2219 4
2220 2
2221 0
2222 8
2223 6
2224 4
2225 1
2226 9
2227 7
2228 5
2229 3
2230 1
2231 9
2232 7
2233 5
2234 3
2235 0
2236 8
2237 6
2238 4
2239 2
2240 0
2241 8
2242 6
2243 4
2244 2
2245 9
2246 7
2247 5
2248 3
2249 1
2250 9
2251 7
2252 5
2253 3
2254 1
2255 8
2256 6
2257 4
2258 2
2259 0
2260 8
2261 6
2262 4
2263 2
2264 0
2265 7
2266 5
2267 3
2268 1
2269 9
2270 7
2271 5
2272 3
2273 1
2274 9
2275 6
2276 4
2277 2
2278 0
2279 8
2280 6
2281 4
2282 2
2283 0
2284 8
2285 5
2286 3
2287 1
2288 9
2289 7
2290 5
2291 3
2292 1
2293 9
2294 7
2295 4
2296 2
2297 0
2298 8
2299 6
2300 2
2301 0
2302 8
2303 6
2304 4
2305 1
2306 9
2307 7
2308 5
2309 3
2310 1
2311 9
2312 7
2313 5
2314 3
2315 0
2316 8
2317 6
2318 4
2319 2
2320 0
2321 8
2322 6
2323 4
2324 2
2325 9
2326 7
2327 5
2328 3
2329 1
2330 9
2331 7
2332 5
2333 3
2334 1
2335 8
2336 6
2337 4
2338 2
2339 0
2340 8
2341 6
2342 4
2343 2
2344 0
2345 7
2346 5
2347 3
2348 1
2349 9
2350 7
2351 5
2352 3
2353 1
2354 9
2355 6
2356 4
2357 2
2358 0
2359 8
2360 6
2361 4
2362 2
2363 0
2364 8
2365 5
2366 3
2367 1
2368 9
2369 7
2370 5
2371 3
2372 1
2373 9
2374 7
2375 4
2376 2
2377 0
2378 8
2379 6
2380 4
2381 2
2382 0
2383 8
2384 6
2385 3
2386 1
2387 9
2388 7
2389 5
2390 3
2391 1
2392 9
2393 7
2394 5
2395 2
2396 0
2397 8
2398 6
2399 4
2400 0
2401 8
2402 6
2403 4
2404 2
2405 9
2406 7
2407 5
2408 3
2409 1
2410 9
2411 7
2412 5
2413 3
2414 1
2415 8
2416 6
2417 4
2418 2
2419 0
2420 8
2421 6
2422 4
2423 2
2424 0
2425 7
2426 5
2427 3
2428 1
2429 9
2430 7
2431 5
2432 3
2433 1
2434 9
2435 6
2436 4
2437 2
2438 0
2439 8
2440 6
2441 4
2442 2
2443 0
2444 8
2445 5
2446 3
2447 1
2448 9
2449 7
2450 5
2451 3
2452 1
2453 9
2454 7
2455 4
2456 2
2457 0
2458 8
2459 6
2460 4
2461 2
2462 0
2463 8
2464 6
2465 3
2466 1
2467 9
2468 7
2469 5
2470 3
2471 1
2472 9
2473 7
2474 5
2475 2
2476 0
2477 8
2478 6
2479 4
2480 2
2481 0
2482 8
2483 6
2484 4
2485 1
2486 9
2487 7
2488 5
2489 3
2490 1
2491 9
2492 7
2493 5
2494 3
2495 0
2496 8
2497 6
2498 4
2499 2
2500 7
2501 5
2502 3
2503 1
2504 9
2505 6
2506 4
2507 2
2508 0
2509 8
2510 6
2511 4
2512 2
2513 0
2514 8
2515 5
2516 3
2517 1
2518 9
2519 7
2520 5
2521 3
2522 1
2523 9
2524 7
2525 4
2526 2
2527 0
2528 8
2529 6
2530 4
2531 2
2532 0
2533 8
2534 6
2535 3
2536 1
2537 9
2538 7
2539 5
2540 3
2541 1
2542 9
2543 7
2544 5
2545 2
2546 0
2547 8
2548 6
2549 4
2550 2
2551 0
2552 8
2553 6
2554 4
2555 1
2556 9
2557 7
2558 5
2559 3
2560 1
2561 9
2562 7
2563 5
2564 3
2565 0
2566 8
2567 6
2568 4
2569 2
2570 0
2571 8
2572 6
2573 4
2574 2
2575 9
2576 7
2577 5
2578 3
2579 1
2580 9
2581 7
2582 5
2583 3
2584 1
2585 8
2586 6
2587 4
2588 2
2589 0
2590 8
2591 6
2592 4
2593 2
2594 0
2595 7
2596 5
2597 3
2598 1
2599 9
2600 5
2601 3
2602 1
2603 9
2604 7
2605 4
2606 2
2607 0
2608 8
2609 6
2610 4
2611 2
2612 0
2613 8
2614 6
2615 3
2616 1
2617 9
2618 7
2619 5
2620 3
2621 1
2622 9
2623 7
2624 5
2625 2
2626 0
2627 8
2628 6
2629 4
2630 2
2631 0
2632 8
2633 6
2634 4
2635 1
2636 9
2637 7
2638 5
2639 3
2640 1
2641 9
2642 7
2643 5
2644 3
2645 0
2646 8
2647 6
2648 4
2649 2
2650 0
2651 8
2652 6
2653 4
2654 2
2655 9
2656 7
2657 5
2658 3
2659 1
2660 9
2661 7
2662 5
2663 3
2664 1
2665 8
2666 6
2667 4
2668 2
2669 0
2670 8
2671 6
2672 4
2673 2
2674 0
2675 7
2676 5
2677 3
2678 1
2679 9
2680 7
2681 5
2682 3
2683 1
2684 9
2685 6
2686 4
2687 2
2688 0
2689 8
2690 6
2691 4
2692 2
2693 0
2694 8
2695 5
2696 3
2697 1
2698 9
2699 7
2700 3
2701 1
2702 9
2703 7
2704 5
2705 2
2706 0
2707 8
2708 6
2709 4
2710 2
2711 0
2712 8
2713 6
2714 4
2715 1
2716 9
2717 7
2718 5
2719 3
2720 1
2721 9
2722 7
2723 5
2724 3
2725 0
2726 8
2727 6
2728 4
2729 2
2730 0
2731 8
2732 6
2733 4
2734 2
2735 9
2736 7
2737 5
2738 3
2739 1
2740 9
2741 7
2742 5
2743 3
2744 1
2745 8
2746 6
2747 4
2748 2
2749 0
2750 8
2751 6
2752 4
2753 2
2754 0
2755 7
2756 5
2757 3
2758 1
2759 9
2760 7
2761 5
2762 3
2763 1
2764 9
2765 6
2766 4
2767 2
2768 0
2769 8
2770 6
2771 4
2772 2
2773 0
2774 8
2775 5
2776 3
2777 1
2778 9
2779 7
2780 5
2781 3
2782 1
2783 9
2784 7
2785 4
2786 2
2787 0
2788 8
2789 6
2790 4
2791 2
2792 0
2793 8
2794 6
2795 3
2796 1
2797 9
2798 7
2799 5
2800 1
2801 9
2802 7
2803 5
2804 3
2805 0
2806 8
2807 6
2808 4
2809 2
2810 0
2811 8
2812 6
2813 4
2814 2
2815 9
2816 7
2817 5
2818 3
2819 1
2820 9
2821 7
2822 5
2823 3
2824 1
2825 8
2826 6
2827 4
2828 2
2829 0
2830 8
2831 6
2832 4
2833 2
2834 0
2835 7
2836 5
2837 3
2838 1
2839 9
2840 7
2841 5
2842 3
2843 1
2844 9
2845 6
2846 4
2847 2
2848 0
2849 8
2850 6
2851 4
2852 2
2853 0
2854 8
2855 5
2856 3
2857 1
2858 9
2859 7
2860 5
2861 3
2862 1
2863 9
2864 7
2865 4
2866 2
2867 0
2868 8
2869 6
2870 4
2871 2
2872 0
2873 8
2874 6
2875 3
2876 1
2877 9
2878 7
2879 5
2880 3
2881 1
2882 9
2883 7
2884 5
2885 2
2886 0
2887 8
2888 6
2889 4
2890 2
2891 0
2892 8
2893 6
2894 4
2895 1
2896 9
2897 7
2898 5
2899 3
2900 9
2901 7
2902 5
2903 3
2904 1
2905 8
2906 6
2907 4
2908 2
2909 0
2910 8
2911 6
2912 4
2913 2
2914 0
2915 7
2916 5
2917 3
2918 1
2919 9
2920 7
2921 5
2922 3
2923 1
2924 9
2925 6
2926 4
2927 2
2928 0
2929 8
2930 6
2931 4
2932 2
2933 0
2934 8
2935 5
2936 3
2937 1
2938 9
2939 7
2940 5
2941 3
2942 1
2943 9
2944 7
2945 4
2946 2
2947 0
2948 8
2949 6
2950 4
2951 2
2952 0
2953 8
2954 6
2955 3
2956 1
2957 9
2958 7
2959 5
2960 3
2961 1
2962 9
2963 7
2964 5
2965 2
2966 0
2967 8
2968 6
2969 4
2970 2
2971 0
2972 8
2973 6
2974 4
2975 1
2976 9
2977 7
2978 5
2979 3
2980 1
2981 9
2982 7
2983 5
2984 3
2985 0
2986 8
2987 6
2988 4
2989 2
2990 0
2991 8
2992 6
2993 4
2994 2
2995 9
2996 7
2997 5
2998 3
2999 1
3000 7
3001 5
3002 3
3003 1
3004 9
3005 6
3006 4
3007 2
3008 0
3009 8
3010 6
3011 4
3012 2
3013 0
3014 8
3015 5
3016 3
3017 1
3018 9
3019 7
3020 5
3021 3
3022 1
3023 9
3024 7
3025 4
3026 2
3027 0
3028 8
3029 6
3030 4
3031 2
3032 0
3033 8
3034 6
3035 3
3036 1
3037 9
3038 7
3039 5
3040 3
3041 1
3042 9
3043 7
3044 5
3045 2
3046 0
3047 8
3048 6
3049 4
3050 2
3051 0
3052 8
3053 6
3054 4
3055 1
3056 9
3057 7
3058 5
3059 3
3060 1
3061 9
3062 7
3063 5
3064 3
3065 0
3066 8
3067 6
3068 4
3069 2
3070 0
3071 8
3072 6
3073 4
3074 2
3075 9
3076 7
3077 5
3078 3
3079 1
3080 9
3081 7
3082 5
3083 3
3084 1
3085 8
3086 6
3087 4
3088 2
3089 0
3090 8
3091 6
3092 4
3093 2
3094 0
3095 7
3096 5
3097 3
3098 1
3099 9
3100 5
3101 3
3102 1
3103 9
3104 7
3105 4
3106 2
3107 0
3108 8
3109 6
3110 4
3111 2
3112 0
3113 8
3114 6
3115 3
3116 1
3117 9
3118 7
3119 5
3120 3
3121 1
3122 9
3123 7
3124 5
3125 2
3126 0
3127 8
3128 6
3129 4
3130 2
3131 0
3132 8
3133 6
3134 4
3135 1
3136 9
3137 7
3138 5
3139 3
3140 1
3141 9
3142 7
3143 5
3144 3
3145 0
3146 8
3147 6
3148 4
3149 2
3150 0
3151 8
3152 6
3153 4
3154 2
3155 9
3156 7
3157 5
3158 3
3159 1
3160 9
3161 7
3162 5
3163 3
3164 1
3165 8
3166 6
3167 4
3168 2
3169 0
3170 8
3171 6
3172 4
3173 2
3174 0
3175 7
3176 5
3177 3
3178 1
3179 9
3180 7
3181 5
3182 3
3183 1
3184 9
3185 6
3186 4
3187 2
3188 0
3189 8
3190 6
3191 4
3192 2
3193 0
3194 8
3195 5
3196 3
3197 1
3198 9
3199 7
3200 3
3201 1
3202 9
3203 7
3204 5
3205 2
3206 0
3207 8
3208 6
3209 4
3210 2
3211 0
3212 8
3213 6
3214 4
3215 1
3216 9
3217 7
3218 5
3219 3
3220 1
3221 9
3222 7
3223 5
3224 3
3225 0
3226 8
3227 6
3228 4
3229 2
3230 0
3231 8
3232 6
3233 4
3234 2
3235 9
3236 7
3237 5
3238 3
3239 1
3240 9
3241 7
3242 5
3243 3
3244 1
3245 8
3246 6
3247 4
3248 2
3249 0
3250 8
3251 6
3252 4
3253 2
3254 0
3255 7
3256 5
3257 3
3258 1
3259 9
3260 7
3261 5
3262 3
3263 1
3264 9
3265 6
3266 4
3267 2
3268 0
3269 8
3270 6
3271 4
3272 2
3273 0
3274 8
3275 5
3276 3
3277 1
3278 9
3279 7
3280 5
3281 3
3282 1
3283 9
3284 7
3285 4
3286 2
3287 0
3288 8
3289 6
3290 4
3291 2
3292 0
3293 8
3294 6
3295 3
3296 1
3297 9
3298 7
3299 5
3300 1
3301 9
3302 7
3303 5
3304 3
3305 0
3306 8
3307 6
3308 4
3309 2
3310 0
3311 8
3312 6
3313 4
3314 2
3315 9
3316 7
3317 5
3318 3
3319 1
3320 9
3321 7
3322 5
3323 3
3324 1
3325 8
3326 6
3327 4
3328 2
3329 0
3330 8
3331 6
3332 4
3333 2
3334 0
3335 7
3336 5
3337 3
3338 1
3339 9
3340 7
3341 5
3342 3
3343 1
3344 9
3345 6
3346 4
3347 2
3348 0
3349 8
3350 6
3351 4
3352 2
3353 0
3354 8
3355 5
3356 3
3357 1
3358 9
3359 7
3360 5
3361 3
3362 1
3363 9
3364 7
3365 4
3366 2
3367 0
3368 8
3369 6
3370 4
3371 2
3372 0
3373 8
3374 6
3375 3
3376 1
3377 9
3378 7
3379 5
3380 3
3381 1
3382 9
3383 7
3384 5
3385 2
3386 0
3387 8
3388 6
3389 4
3390 2
3391 0
3392 8
3393 6
3394 4
3395 1
3396 9
3397 7
3398 5
3399 3
3400 9
3401 7
3402 5
3403 3
3404 1
3405 8
3406 6
3407 4
3408 2
3409 0
3410 8
3411 6
3412 4
3413 2
3414 0
3415 7
3416 5
3417 3
3418 1
3419 9
3420 7
3421 5
3422 3
3423 1
3424 9
3425 6
3426 4
3427 2
3428 0
3429 8
3430 6
3431 4
3432 2
3433 0
3434 8
3435 5
3436 3
3437 1
3438 9
3439 7
3440 5
3441 3
3442 1
3443 9
3444 7
3445 4
3446 2
3447 0
3448 8
3449 6
3450 4
3451 2
3452 0
3453 8
3454 6
3455 3
3456 1
3457 9
3458 7
3459 5
3460 3
3461 1
3462 9
3463 7
3464 5
3465 2
3466 0
3467 8
3468 6
3469 4
3470 2
3471 0
3472 8
3473 6
3474 4
3475 1
3476 9
3477 7
3478 5
3479 3
3480 1
3481 9
3482 7
3483 5
3484 3
3485 0
3486 8
3487 6
3488 4
3489 2
3490 0
3491 8
3492 6
3493 4
3494 2
3495 9
3496 7
3497 5
3498 3
3499 1
3500 6
3501 4
3502 2
3503 0
3504 8
3505 5
3506 3
3507 1
3508 9
3509 7
3510 5
3511 3
3512 1
3513 9
3514 7
3515 4
3516 2
3517 0
3518 8
3519 6
3520 4
3521 2
3522 0
3523 8
3524 6
3525 3
3526 1
3527 9
3528 7
3529 5
3530 3
3531 1
3532 9
3533 7
3534 5
3535 2
3536 0
3537 8
3538 6
3539 4
3540 2
3541 0
3542 8
3543 6
3544 4
3545 1
3546 9
3547 7
3548 5
3549 3
3550 1
3551 9
3552 7
3553 5
3554 3
3555 0
3556 8
3557 6
3558 4
3559 2
3560 0
3561 8
3562 6
3563 4
3564 2
3565 9
3566 7
3567 5
3568 3
3569 1
3570 9
3571 7
3572 5
3573 3
3574 1
3575 8
3576 6
3577 4
3578 2
3579 0
3580 8
3581 6
3582 4
3583 2
3584 0
3585 7
3586 5
3587 3
3588 1
3589 9
3590 7
3591 5
3592 3
3593 1
3594 9
3595 6
3596 4
3597 2
3598 0
3599 8
3600 4
3601 2
3602 0
3603 8
3604 6
3605 3
3606 1
3607 9
3608 7
3609 5
3610 3
3611 1
3612 9
3613 7
3614 5
3615 2
3616 0
3617 8
3618 6
3619 4
3620 2
3621 0
3622 8
3623 6
3624 4
3625 1
3626 9
3627 7
3628 5
3629 3
3630 1
3631 9
3632 7
3633 5
3634 3
3635 0
3636 8
3637 6
3638 4
3639 2
3640 0
3641 8
3642 6
3643 4
3644 2
3645 9
3646 7
3647 5
3648 3
3649 1
3650 9
3651 7
3652 5
3653 3
3654 1
3655 8
3656 6
3657 4
3658 2
3659 0
3660 8
3661 6
3662 4
3663 2
3664 0
3665 7
3666 5
3667 3
3668 1
3669 9
3670 7
3671 5
3672 3
3673 1
3674 9
3675 6
3676 4
3677 2
3678 0
3679 8
3680 6
3681 4
3682 2
3683 0
3684 8
3685 5
3686 3
3687 1
3688 9
3689 7
3690 5
3691 3
3692 1
3693 9
3694 7
3695 4
3696 2
3697 0
3698 8
3699 6
3700 2
3701 0
3702 8
3703 6
3704 4
3705 1
3706 9
3707 7
3708 5
3709 3
3710 1
3711 9
3712 7
3713 5
3714 3
3715 0
3716 8
3717 6
3718 4
3719 2
3720 0
3721 8
3722 6
3723 4
3724 2
3725 9
3726 7
3727 5
3728 3
3729 1
3730 9
3731 7
3732 5
3733 3
3734 1
3735 8
3736 6
3737 4
3738 2
3739 0
3740 8
3741 6
3742 4
3743 2
3744 0
3745 7
3746 5
3747 3
3748 1
3749 9
3750 7
3751 5
3752 3
3753 1
3754 9
3755 6
3756 4
3757 2
3758 0
3759 8
3760 6
3761 4
3762 2
3763 0
3764 8
3765 5
3766 3
3767 1
3768 9
3769 7
3770 5
3771 3
3772 1
3773 9
3774 7
3775 4
3776 2
3777 0
3778 8
3779 6
3780 4
3781 2
3782 0
3783 8
3784 6
3785 3
3786 1
3787 9
3788 7
3789 5
3790 3
3791 1
3792 9
3793 7
3794 5
3795 2
3796 0
3797 8
3798 6
3799 4
3800 0
3801 8
3802 6
3803 4
3804 2
3805 9
3806 7
3807 5
3808 3
3809 1
3810 9
3811 7
3812 5
3813 3
3814 1
3815 8
3816 6
3817 4
3818 2
3819 0
3820 8
3821 6
3822 4
3823 2
3824 0
3825 7
3826 5
3827 3
3828 1
3829 9
3830 7
3831 5
3832 3
3833 1
3834 9
3835 6
3836 4
3837 2
3838 0
3839 8
3840 6
3841 4
3842 2
3843 0
3844 8
3845 5
3846 3
3847 1
3848 9
3849 7
3850 5
3851 3
3852 1
3853 9
3854 7
3855 4
3856 2
3857 0
3858 8
3859 6
3860 4
3861 2
3862 0
3863 8
3864 6
3865 3
3866 1
3867 9
3868 7
3869 5
3870 3
3871 1
3872 9
3873 7
3874 5
3875 2
3876 0
3877 8
3878 6
3879 4
3880 2
3881 0
3882 8
3883 6
3884 4
3885 1
3886 9
3887 7
3888 5
3889 3
3890 1
3891 9
3892 7
3893 5
3894 3
3895 0
3896 8
3897 6
3898 4
3899 2
3900 8
3901 6
3902 4
3903 2
3904 0
3905 7
3906 5
3907 3
3908 1
3909 9
3910 7
3911 5
3912 3
3913 1
3914 9
3915 6
3916 4
3917 2
3918 0
3919 8
3920 6
3921 4
3922 2
3923 0
3924 8
3925 5
3926 3
3927 1
3928 9
3929 7
3930 5
3931 3
3932 1
3933 9
3934 7
3935 4
3936 2
3937 0
3938 8
3939 6
3940 4
3941 2
3942 0
3943 8
3944 6
3945 3
3946 1
3947 9
3948 7
3949 5
3950 3
3951 1
3952 9
3953 7
3954 5
3955 2
3956 0
3957 8
3958 6
3959 4
3960 2
3961 0
3962 8
3963 6
3964 4
3965 1
3966 9
3967 7
3968 5
3969 3
3970 1
3971 9
3972 7
3973 5
3974 3
3975 0
3976 8
3977 6
3978 4
3979 2
3980 0
3981 8
3982 6
3983 4
3984 2
3985 9
3986 7
3987 5
3988 3
3989 1
3990 9
3991 7
3992 5
3993 3
3994 1
3995 8
3996 6
3997 4
3998 2
3999 0
4000 6
4001 4
4002 2
4003 0
4004 8
4005 5
4006 3
4007 1
4008 9
4009 7
4010 5
4011 3
4012 1
4013 9
4014 7
4015 4
4016 2
4017 0
4018 8
4019 6
4020 4
4021 2
4022 0
4023 8
4024 6
4025 3
4026 1
4027 9
4028 7
4029 5
4030 3
4031 1
4032 9
4033 7
4034 5
4035 2
4036 0
4037 8
4038 6
4039 4
4040 2
4041 0
4042 8
4043 6
4044 4
4045 1
4046 9
4047 7
4048 5
4049 3
4050 1
4051 9
4052 7
4053 5
4054 3
4055 0
4056 8
4057 6
4058 4
4059 2
4060 0
4061 8
4062 6
4063 4
4064 2
4065 9
4066 7
4067 5
4068 3
4069 1
4070 9
4071 7
4072 5
4073 3
4074 1
4075 8
4076 6
4077 4
4078 2
4079 0
4080 8
4081 6
4082 4
4083 2
4084 0
4085 7
4086 5
4087 3
4088 1
4089 9
4090 7
4091 5
4092 3
4093 1
4094 9
4095 6
4096 4
4097 2
4098 0
4099 8
4100 4
4101 2
4102 0
4103 8
4104 6
4105 3
4106 1
4107 9
4108 7
4109 5
4110 3
4111 1
4112 9
4113 7
4114 5
4115 2
4116 0
4117 8
4118 6
4119 4
4120 2
4121 0
4122 8
4123 6
4124 4
4125 1
4126 9
4127 7
4128 5
4129 3
4130 1
4131 9
4132 7
4133 5
4134 3
4135 0
4136 8
4137 6
4138 4
4139 2
4140 0
4141 8
4142 6
4143 4
4144 2
4145 9
4146 7
4147 5
4148 3
4149 1
4150 9
4151 7
4152 5
4153 3
4154 1
4155 8
4156 6
4157 4
4158 2
4159 0
4160 8
4161 6
4162 4
4163 2
4164 0
4165 7
4166 5
4167 3
4168 1
4169 9
4170 7
4171 5
4172 3
4173 1
4174 9
4175 6
4176 4
4177 2
4178 0
4179 8
4180 6
4181 4
4182 2
4183 0
4184 8
4185 5
4186 3
4187 1
4188 9
4189 7
4190 5
4191 3
4192 1
4193 9
4194 7
4195 4
4196 2
4197 0
4198 8
4199 6
4200 2
4201 0
4202 8
4203 6
4204 4
4205 1
4206 9
4207 7
4208 5
4209 3
4210 1
4211 9
4212 7
4213 5
4214 3
4215 0
4216 8
4217 6
4218 4
4219 2
4220 0
4221 8
4222 6
4223 4
4224 2
4225 9
4226 7
4227 5
4228 3
4229 1
4230 9
4231 7
4232 5
4233 3
4234 1
4235 8
4236 6
4237 4
4238 2
4239 0
4240 8
4241 6
4242 4
4243 2
4244 0
4245 7
4246 5
4247 3
4248 1
4249 9
4250 7
4251 5
4252 3
4253 1
4254 9
4255 6
4256 4
4257 2
4258 0
4259 8
4260 6
4261 4
4262 2
4263 0
4264 8
4265 5
4266 3
4267 1
4268 9
4269 7
4270 5
4271 3
4272 1
4273 9
4274 7
4275 4
4276 2
4277 0
4278 8
4279 6
4280 4
4281 2
4282 0
4283 8
4284 6
4285 3
4286 1
4287 9
4288 7
4289 5
4290 3
4291 1
4292 9
4293 7
4294 5
4295 2
4296 0
4297 8
4298 6
4299 4
4300 0
4301 8
4302 6
4303 4
4304 2
4305 9
4306 7
4307 5
4308 3
4309 1
4310 9
4311 7
4312 5
4313 3
4314 1
4315 8
4316 6
4317 4
4318 2
4319 0
4320 8
4321 6
4322 4
4323 2
4324 0
4325 7
4326 5
4327 3
4328 1
4329 9
4330 7
4331 5
4332 3
4333 1
4334 9
4335 6
4336 4
4337 2
4338 0
4339 8
4340 6
4341 4
4342 2
4343 0
4344 8
4345 5
4346 3
4347 1
4348 9
4349 7
4350 5
4351 3
4352 1
4353 9
4354 7
4355 4
4356 2
4357 0
4358 8
4359 6
4360 4
4361 2
4362 0
4363 8
4364 6
4365 3
4366 1
4367 9
4368 7
4369 5
4370 3
4371 1
4372 9
4373 7
4374 5
4375 2
4376 0
4377 8
4378 6
4379 4
4380 2
4381 0
4382 8
4383 6
4384 4
4385 1
4386 9
4387 7
4388 5
4389 3
4390 1
4391 9
4392 7
4393 5
4394 3
4395 0
4396 8
4397 6
4398 4
4399 2
4400 8
4401 6
4402 4
4403 2
4404 0
4405 7
4406 5
4407 3
4408 1
4409 9
4410 7
4411 5
4412 3
4413 1
4414 9
4415 6
4416 4
4417 2
4418 0
4419 8
4420 6
4421 4
4422 2
4423 0
4424 8
4425 5
4426 3
4427 1
4428 9
4429 7
4430 5
4431 3
4432 1
4433 9
4434 7
4435 4
4436 2
4437 0
4438 8
4439 6
4440 4
4441 2
4442 0
4443 8
4444 6
4445 3
4446 1
4447 9
4448 7
4449 5
4450 3
4451 1
4452 9
4453 7
4454 5
4455 2
4456 0
4457 8
4458 6
4459 4
4460 2
4461 0
4462 8
4463 6
4464 4
4465 1
4466 9
4467 7
4468 5
4469 3
4470 1
4471 9
4472 7
4473 5
4474 3
4475 0
4476 8
4477 6
4478 4
4479 2
4480 0
4481 8
4482 6
4483 4
4484 2
4485 9
4486 7
4487 5
4488 3
4489 1
4490 9
4491 7
4492 5
4493 3
4494 1
4495 8
4496 6
4497 4
4498 2
4499 0
4500 5
4501 3
4502 1
4503 9
4504 7
4505 4
4506 2
4507 0
4508 8
4509 6
4510 4
4511 2
4512 0
4513 8
4514 6
4515 3
4516 1
4517 9
4518 7
4519 5
4520 3
4521 1
4522 9
4523 7
4524 5
4525 2
4526 0
4527 8
4528 6
4529 4
4530 2
4531 0
4532 8
4533 6
4534 4
4535 1
4536 9
4537 7
4538 5
4539 3
4540 1
4541 9
4542 7
4543 5
4544 3
4545 0
4546 8
4547 6
4548 4
4549 2
4550 0
4551 8
4552 6
4553 4
4554 2
4555 9
4556 7
4557 5
4558 3
4559 1
4560 9
4561 7
4562 5
4563 3
4564 1
4565 8
4566 6
4567 4
4568 2
4569 0
4570 8
4571 6
4572 4
4573 2
4574 0
4575 7
4576 5
4577 3
4578 1
4579 9
4580 7
4581 5
4582 3
4583 1
4584 9
4585 6
4586 4
4587 2
4588 0
4589 8
4590 6
4591 4
4592 2
4593 0
4594 8
4595 5
4596 3
4597 1
4598 9
4599 7
4600 3
4601 1
4602 9
4603 7
4604 5
4605 2
4606 0
4607 8
4608 6
4609 4
4610 2
4611 0
4612 8
4613 6
4614 4
4615 1
4616 9
4617 7
4618 5
4619 3
4620 1
4621 9
4622 7
4623 5
4624 3
4625 0
4626 8
4627 6
4628 4
4629 2
4630 0
4631 8
4632 6
4633 4
4634 2
4635 9
4636 7
4637 5
4638 3
4639 1
4640 9
4641 7
4642 5
4643 3
4644 1
4645 8
4646 6
4647 4
4648 2
4649 0
4650 8
4651 6
4652 4
4653 2
4654 0
4655 7
4656 5
4657 3
4658 1
4659 9
4660 7
4661 5
4662 3
4663 1
4664 9
4665 6
4666 4
4667 2
4668 0
4669 8
4670 6
4671 4
4672 2
4673 0
4674 8
4675 5
4676 3
4677 1
4678 9
4679 7
4680 5
4681 3
4682 1
4683 9
4684 7
4685 4
4686 2
4687 0
4688 8
4689 6
4690 4
4691 2
4692 0
4693 8
4694 6
4695 3
4696 1
4697 9
4698 7
4699 5
4700 1
4701 9
4702 7
4703 5
4704 3
4705 0
4706 8
4707 6
4708 4
4709 2
4710 0
4711 8
4712 6
4713 4
4714 2
4715 9
4716 7
4717 5
4718 3
4719 1
4720 9
4721 7
4722 5
4723 3
4724 1
4725 8
4726 6
4727 4
4728 2
4729 0
4730 8
4731 6
4732 4
4733 2
4734 0
4735 7
4736 5
4737 3
4738 1
4739 9
4740 7
4741 5
4742 3
4743 1
4744 9
4745 6
4746 4
4747 2
4748 0
4749 8
4750 6
4751 4
4752 2
4753 0
4754 8
4755 5
4756 3
4757 1
4758 9
4759 7
4760 5
4761 3
4762 1
4763 9
4764 7
4765 4
4766 2
4767 0
4768 8
4769 6
4770 4
4771 2
4772 0
4773 8
4774 6
4775 3
4776 1
4777 9
4778 7
4779 5
4780 3
4781 1
4782 9
4783 7
4784 5
4785 2
4786 0
4787 8
4788 6
4789 4
4790 2
4791 0
4792 8
4793 6
4794 4
4795 1
4796 9
4797 7
4798 5
4799 3
4800 9
4801 7
4802 5
4803 3
4804 1
4805 8
4806 6
4807 4
4808 2
4809 0
4810 8
4811 6
4812 4
4813 2
4814 0
4815 7
4816 5
4817 3
4818 1
4819 9
4820 7
4821 5
4822 3
4823 1
4824 9
4825 6
4826 4
4827 2
4828 0
4829 8
4830 6
4831 4
4832 2
4833 0
4834 8
4835 5
4836 3
4837 1
4838 9
4839 7
4840 5
4841 3
4842 1
4843 9
4844 7
4845 4
4846 2
4847 0
4848 8
4849 6
4850 4
4851 2
4852 0
4853 8
4854 6
4855 3
4856 1
4857 9
4858 7
4859 5
4860 3
4861 1
4862 9
4863 7
4864 5
4865 2
4866 0
4867 8
4868 6
4869 4
4870 2
4871 0
4872 8
4873 6
4874 4
4875 1
4876 9
4877 7
4878 5
4879 3
4880 1
4881 9
4882 7
4883 5
4884 3
4885 0
4886 8
4887 6
4888 4
4889 2
4890 0
4891 8
4892 6
4893 4
4894 2
4895 9
4896 7
4897 5
4898 3
4899 1
4900 7
4901 5
4902 3
4903 1
4904 9
4905 6
4906 4
4907 2
4908 0
4909 8
4910 6
4911 4
4912 2
4913 0
4914 8
4915 5
4916 3
4917 1
4918 9
4919 7
4920 5
4921 3
4922 1
4923 9
4924 7
4925 4
4926 2
4927 0
4928 8
4929 6
4930 4
4931 2
4932 0
4933 8
4934 6
4935 3
4936 1
4937 9
4938 7
4939 5
4940 3
4941 1
4942 9
4943 7
4944 5
4945 2
4946 0
4947 8
4948 6
4949 4
4950 2
4951 0
4952 8
4953 6
4954 4
4955 1
4956 9
4957 7
4958 5
4959 3
4960 1
4961 9
4962 7
4963 5
4964 3
4965 0
4966 8
4967 6
4968 4
4969 2
4970 0
4971 8
4972 6
4973 4
4974 2
4975 9
4976 7
4977 5
4978 3
4979 1
4980 9
4981 7
4982 5
4983 3
4984 1
4985 8
4986 6
4987 4
4988 2
4989 0
4990 8
4991 6
4992 4
4993 2
4994 0
4995 7
4996 5
4997 3
4998 1
4999 9
5000 5
5001 3
5002 1
5003 9
5004 7
5005 4
5006 2
5007 0
5008 8
5009 6
5010 4
5011 2
5012 0
5013 8
5014 6
5015 3
5016 1
5017 9
5018 7
5019 5
5020 3
5021 1
5022 9
5023 7
5024 5
5025 2
5026 0
5027 8
5028 6
5029 4
5030 2
5031 0
5032 8
5033 6
5034 4
5035 1
5036 9
5037 7
5038 5
5039 3
5040 1
5041 9
5042 7
5043 5
5044 3
5045 0
5046 8
5047 6
5048 4
5049 2
5050 0
5051 8
5052 6
5053 4
5054 2
5055 9
5056 7
5057 5
5058 3
5059 1
5060 9
5061 7
5062 5
5063 3
5064 1
5065 8
5066 6
5067 4
5068 2
5069 0
5070 8
5071 6
5072 4
5073 2
5074 0
5075 7
5076 5
5077 3
5078 1
5079 9
5080 7
5081 5
5082 3
5083 1
5084 9
5085 6
5086 4
5087 2
5088 0
5089 8
5090 6
5091 4
5092 2
5093 0
5094 8
5095 5
5096 3
5097 1
5098 9
5099 7
5100 3
5101 1
5102 9
5103 7
5104 5
5105 2
5106 0
5107 8
5108 6
5109 4
5110 2
5111 0
5112 8
5113 6
5114 4
5115 1
5116 9
5117 7
5118 5
5119 3
5120 1
5121 9
5122 7
5123 5
5124 3
5125 0
5126 8
5127 6
5128 4
5129 2
5130 0
5131 8
5132 6
5133 4
5134 2
5135 9
5136 7
5137 5
5138 3
5139 1
5140 9
5141 7
5142 5
5143 3
5144 1
5145 8
5146 6
5147 4
5148 2
5149 0
5150 8
5151 6
5152 4
5153 2
5154 0
5155 7
5156 5
5157 3
5158 1
5159 9
5160 7
5161 5
5162 3
5163 1
5164 9
5165 6
5166 4
5167 2
5168 0
5169 8
5170 6
5171 4
5172 2
5173 0
5174 8
5175 5
5176 3
5177 1
5178 9
5179 7
5180 5
5181 3
5182 1
5183 9
5184 7
5185 4
5186 2
5187 0
5188 8
5189 6
5190 4
5191 2
5192 0
5193 8
5194 6
5195 3
5196 1
5197 9
5198 7
5199 5
5200 1
5222 5
5226 6
5228 2
5230 8
5232 4
5234 0
5236 5
5238 1
5240 7
5242 3
5244 9
5246 4
5248 0
5249 8
5250 6
5253 0
5254 8
5255 5
5256 3
5257 1
5258 9
5259 7
5277 9
5290 2
5292 8
5294 4
5332 2
5345 4
5352 0
5353 8
5361 1
5363 7
5365 2
5366 0
5367 8
5368 6
5369 4
5372 8
5373 6
5374 4
5376 9
5377 7
5378 5
5379 3
5381 9
5382 7
5383 5
5384 3
5385 0
5386 8
5387 6
5388 4
5389 2
5390 0
5391 8
5392 6
5393 4
5394 2
5395 9
5396 7
5409 8
5411 4
5415 5
5426 2
5438 7
5441 1
5456 9
5458 5
5459 3
5460 1
5474 2
5481 7
5483 3
5484 1
5485 8
5486 6
5488 2
5489 0
5490 8
5491 6
5504 6
5506 2
5513 7
5526 9
5582 2
5583 0
5621 8
5622 6
5630 9
5631 7
5632 5
5636 6
5671 3
5672 1
5673 9
5674 7
5675 4
5676 2
5677 0
5678 8
5679 6
5680 4
5681 2
5682 0
5683 8
5684 6
5685 3
5686 1
5688 7
5689 5
5690 3
5691 1
5692 9
5693 7
5694 5
5695 2
5696 0
5697 8
5698 6
5699 4
5700 0
5701 8
5702 6
5703 4
5704 2
5706 7
5710 9
5712 5
5714 1
5715 8
5716 6
5717 4
5718 2
5719 0
5720 8
5721 6
5722 4
5726 5
5727 3
5728 1
5729 9
5730 7
5731 5
5732 3
5733 1
5734 9
5735 6
5736 4
5737 2
5738 0
5739 8
5740 6
5741 4
5742 2
5743 0
5744 8
5745 5
5746 3
5747 1
5748 9
5749 7
5750 5
5757 0
5758 8
5759 6
5760 4
5761 2
5762 0
5763 8
5764 6
5765 3
5766 1
5767 9
5768 7
5769 5
5770 3
5771 1
5772 9
5773 7
5774 5
5775 2
5776 0
5777 8
5778 6
5779 4
5780 2
5781 0
5782 8
5783 6
5784 4
5785 1
5786 9
5787 7
5788 5
5789 3
5790 1
5791 9
5792 7
5793 5
5794 3
5795 0
5796 8
5797 6
5798 4
5799 2
5800 8
5801 6
5802 4
5803 2
5804 0
5805 7
5806 5
5807 3
5808 1
5809 9
5810 7
5811 5
5812 3
5813 1
5814 9
5815 6
5816 4
5817 2
5818 0
5819 8
5820 6
5821 4
5822 2
5823 0
5824 8
5825 5
5826 3
5827 1
5828 9
5829 7
5830 5
5831 3
5832 1
5833 9
5834 7
5835 4
5836 2
5837 0
5838 8
5839 6
5840 4
5841 2
5842 0
5843 8
5844 6
5845 3
5846 1
5847 9
5848 7
5849 5
5850 3
5851 1
5852 9
5853 7
5854 5
5855 2
5856 0
5857 8
5858 6
5859 4
5860 2
5861 0
5862 8
5863 6
5864 4
5865 1
5866 9
5867 7
5868 5
5869 3
5870 1
5871 9
5872 7
5873 5
5874 3
5875 0
5876 8
5877 6
5878 4
5879 2
5880 0
5881 8
5882 6
5883 4
5884 2
5885 9
5886 7
5887 5
5888 3
5889 1
5890 9
5891 7
5892 5
5893 3
5894 1
5895 8
5896 6
5897 4
5898 2
5899 0
5900 6
5901 4
5902 2
5903 0
5904 8
5905 5
5906 3
5907 1
5908 9
5909 7
5910 5
5911 3
5912 1
5913 9
5914 7
5915 4
5916 2
5917 0
5918 8
5919 6
5920 4
5921 2
5922 0
5923 8
5924 6
5925 3
5926 1
5927 9
5928 7
5929 5
5930 3
5931 1
5932 9
5933 7
5934 5
5935 2
5936 0
5937 8
5938 6
5939 4
5940 2
5941 0
5942 8
5943 6
5944 4
5945 1
5946 9
5947 7
5948 5
5949 3
5950 1
5951 9
5952 7
5953 5
5954 3
5955 0
5956 8
5957 6
5958 4
5959 2
5960 0
5961 8
5962 6
5963 4
5964 2
5965 9
5966 7
5967 5
5968 3
5969 1
5970 9
5971 7
5972 5
5973 3
5974 1
5975 8
5976 6
5977 4
5978 2
5979 0
5980 8
5981 6
5982 4
5983 2
5984 0
5985 7
5986 5
5987 3
5988 1
5989 9
5990 7
5991 5
5992 3
5993 1
5994 9
5995 6
5996 4
5997 2
5998 0
5999 8
6138 2
6151 5
6153 1
6155 6
6157 2
6161 4
6163 0
6165 5
6166 3
6167 1
6168 9
6169 7
6170 5
6187 9
6189 5
6193 7
6195 2
6196 0
6197 8
6198 6
6199 4
6234 9
6236 4
6261 2
6262 0
6263 8
6264 6
6265 3
6266 1
6267 9
6268 7
6269 5
6270 3
6271 1
6272 9
6273 7
6274 5
6275 2
6276 0
6277 8
6278 6
6279 4
6280 2
6281 0
6282 8
6283 6
6284 4
6285 1
6286 9
6287 7
6288 5
6296 8
6299 2
6300 8
6301 6
6302 4
6303 2
6304 0
6305 7
6306 5
6307 3
6308 1
6309 9
6310 7
6311 5
6312 3
6313 1
6314 9
6315 6
6316 4
6317 2
6318 0
6319 8
6320 6
6321 4
6322 2
6323 0
6324 8
6325 5
6326 3
6327 1
6328 9
6329 7
6330 5
6331 3
6332 1
6333 9
6334 7
6335 4
6336 2
6337 0
6338 8
6339 6
6340 4
6341 2
6342 0
6343 8
6344 6
6345 3
6346 1
6347 9
6348 7
6349 5
6350 3
6351 1
6352 9
6353 7
6354 5
6355 2
6356 0
6357 8
6358 6
6359 4
6360 2
6361 0
6362 8
6363 6
6364 4
6365 1
6366 9
6367 7
6368 5
6369 3
6370 1
6371 9
6372 7
6373 5
6374 3
6375 0
6376 8
6377 6
6378 4
6379 2
6380 0
6381 8
6382 6
6383 4
6384 2
6385 9
6386 7
6387 5
6388 3
6389 1
6390 9
6391 7
6392 5
6393 3
6394 1
6395 8
6396 6
6397 4
6398 2
6399 0
6400 6
6401 4
6402 2
6403 0
6404 8
6405 5
6406 3
6407 1
6408 9
6409 7
6410 5
6411 3
6412 1
6413 9
6414 7
6415 4
6416 2
6417 0
6418 8
6419 6
6420 4
6421 2
6422 0
6423 8
6424 6
6425 3
6426 1
6427 9
6428 7
6429 5
6430 3
6431 1
6432 9
6433 7
6434 5
6435 2
6436 0
6437 8
6438 6
6439 4
6440 2
6441 0
6442 8
6443 6
6444 4
6445 1
6446 9
6447 7
6448 5
6449 3
6450 1
6451 9
6452 7
6453 5
6454 3
6455 0
6456 8
6457 6
6458 4
6459 2
6460 0
6461 8
6462 6
6463 4
6464 2
6465 9
6466 7
6467 5
6468 3
6469 1
6470 9
6471 7
6472 5
6473 3
6474 1
6475 8
6476 6
6477 4
6478 2
6479 0
6480 8
6481 6
6482 4
6483 2
6484 0
6485 7
6486 5
6487 3
6488 1
6489 9
6490 7
6491 5
6492 3
6493 1
6494 9
6495 6
6496 4
6497 2
6498 0
6499 8
6500 3
6501 1
6502 9
6503 7
6504 5
6505 2
6506 0
6507 8
6508 6
6509 4
6510 2
6511 0
6512 8
6513 6
6514 4
6515 1
6516 9
6517 7
6518 5
6519 3
6520 1
6521 9
6522 7
6523 5
6524 3
6525 0
6526 8
6527 6
6528 4
6529 2
6530 0
6531 8
6532 6
6533 4
6534 2
6535 9
6536 7
6537 5
6538 3
6539 1
6540 9
6541 7
6542 5
6543 3
6544 1
6545 8
6546 6
6547 4
6548 2
6549 0
6550 8
6551 6
6552 4
6553 2
6554 0
6555 7
6556 5
6557 3
6558 1
6559 9
6560 7
6561 5
6562 3
6563 1
6564 9
6565 6
6566 4
6567 2
6568 0
6569 8
6570 6
6571 4
6572 2
6573 0
6574 8
6575 5
6576 3
6577 1
6578 9
6579 7
6580 5
6581 3
6582 1
6583 9
6584 7
6585 4
6586 2
6587 0
6588 8
6589 6
6590 4
6591 2
6592 0
6593 8
6594 6
6595 3
6596 1
6597 9
6598 7
6599 5
6600 1
6601 9
6602 7
6603 5
6604 3
6605 0
6606 8
6607 6
6608 4
6609 2
6610 0
6611 8
6612 6
6613 4
6614 2
6615 9
6616 7
6617 5
6618 3
6619 1
6620 9
6621 7
6622 5
6623 3
6624 1
6625 8
6626 6
6627 4
6628 2
6629 0
6630 8
6631 6
6632 4
6633 2
6634 0
6635 7
6636 5
6637 3
6638 1
6639 9
6640 7
6641 5
6642 3
6643 1
6644 9
6645 6
6646 4
6647 2
6648 0
6649 8
6650 6
6664 7
6665 4
6666 2
6667 0
6694 4
6695 1
6696 9
6697 7
6698 5
6699 3
6700 9
6701 7
6702 5
6703 3
6704 1
6705 8
6706 6
6707 4
6708 2
6709 0
6710 8
6711 6
6712 4
6713 2
6714 0
6715 7
6716 5
6717 3
6718 1
6719 9
6720 7
6721 5
6722 3
6723 1
6724 9
6725 6
6726 4
6727 2
6728 0
6729 8
6730 6
6731 4
6732 2
6733 0
6734 8
6735 5
6736 3
6737 1
6738 9
6739 7
6740 5
6741 3
6742 1
6743 9
6744 7
6745 4
6746 2
6747 0
6748 8
6749 6
6750 4
6751 2
6752 0
6753 8
6754 6
6755 3
6756 1
6757 9
6758 7
6759 5
6760 3
6761 1
6762 9
6763 7
6764 5
6765 2
6766 0
6767 8
6768 6
6769 4
6770 2
6771 0
6772 8
6773 6
6774 4
6775 1
6776 9
6777 7
6778 5
6779 3
6780 1
6781 9
6782 7
6783 5
6784 3
6785 0
6786 8
6787 6
6788 4
6789 2
6790 0
6791 8
6792 6
6793 4
6794 2
6795 9
6796 7
6797 5
6798 3
6799 1
6800 7
6801 5
6802 3
6803 1
6804 9
6805 6
6806 4
6807 2
6808 0
6809 8
6810 6
6811 4
6812 2
6813 0
6814 8
6815 5
6816 3
6817 1
6818 9
6819 7
6820 5
6821 3
6822 1
6823 9
6824 7
6825 4
6826 2
6827 0
6828 8
6829 6
6830 4
6831 2
6832 0
6833 8
6834 6
6835 3
6836 1
6837 9
6838 7
6839 5
6840 3
6841 1
6842 9
6843 7
6844 5
6845 2
6846 0
6847 8
6848 6
6849 4
6850 2
6851 0
6852 8
6853 6
6854 4
6855 1
6856 9
6857 7
6858 5
6859 3
6860 1
6861 9
6862 7
6863 5
6864 3
6865 0
6866 8
6867 6
6868 4
6869 2
6870 0
6871 8
6872 6
6873 4
6874 2
6875 9
6876 7
6877 5
6878 3
6879 1
6880 9
6881 7
6882 5
6883 3
6884 1
6885 8
6886 6
6887 4
6888 2
6889 0
6890 8
6891 6
6895 7
6896 5
6897 3
6898 1
6899 9
6900 5
6901 3
6902 1
6903 9
6904 7
6905 4
6906 2
6907 0
6908 8
6909 6
6910 4
6911 2
6912 0
6913 8
6914 6
6915 3
6916 1
6917 9
6918 7
6919 5
6920 3
6921 1
6922 9
6923 7
6924 5
6925 2
6926 0
6927 8
6928 6
6929 4
6930 2
6931 0
6932 8
6933 6
6934 4
6935 1
6936 9
6937 7
6938 5
6939 3
6940 1
6941 9
6942 7
6943 5
6944 3
6945 0
6946 8
6947 6
6948 4
6949 2
6950 0
6951 8
6953 4
6954 2
6955 9
6956 7
6957 5
6958 3
6959 1
6960 9
6961 7
6962 5
6963 3
6964 1
6965 8
6966 6
6967 4
6968 2
6969 0
6970 8
6971 6
6972 4
6973 2
6974 0
6975 7
6976 5
6977 3
6978 1
6979 9
6980 7
6981 5
6982 3
6983 1
6984 9
6985 6
6986 4
6987 2
6988 0
6989 8
6990 6
6991 4
6992 2
6993 0
6994 8
6995 5
6996 3
6997 1
6998 9
6999 7
7000 3
7001 1
7002 9
7003 7
7004 5
7005 2
7006 0
7007 8
7008 6
7009 4
7010 2
7011 0
7012 8
7013 6
7014 4
7015 1
7016 9
7017 7
7018 5
7019 3
7020 1
7021 9
7022 7
7023 5
7024 3
7025 0
7026 8
7027 6
7028 4
7029 2
7030 0
7031 8
7032 6
7033 4
7034 2
7035 9
7036 7
7037 5
7038 3
7039 1
7040 9
7041 7
7042 5
7043 3
7044 1
7045 8
7046 6
7047 4
7048 2
7049 0
7050 8
7051 6
7052 4
7053 2
7054 0
7055 7
7056 5
7057 3
7058 1
7059 9
7060 7
7061 5
7062 3
7063 1
7064 9
7065 6
7066 4
7067 2
7068 0
7069 8
7070 6
7071 4
7072 2
7073 0
7074 8
7075 5
7076 3
7077 1
7078 9
7079 7
7080 5
7081 3
7082 1
7083 9
7084 7
7085 4
7086 2
7087 0
7088 8
7089 6
7090 4
7091 2
7092 0
7093 8
7094 6
7095 3
7096 1
7100 1
7101 9
7102 7
7103 5
7104 3
7105 0
7106 8
7107 6
7108 4
7109 2
7110 0
7111 8
7112 6
7113 4
7114 2
7115 9
7116 7
7117 5
7118 3
7119 1
7120 9
7121 7
7122 5
7123 3
7124 1
7125 8
7126 6
7127 4
7128 2
7129 0
7130 8
7131 6
7132 4
7133 2
7134 0
7135 7
7136 5
7137 3
7138 1
7139 9
7140 7
7141 5
7142 3
7143 1
7144 9
7145 6
7146 4
7147 2
7148 0
7149 8
7150 6
7151 4
7152 2
7153 0
7154 8
7155 5
7156 3
7157 1
7158 9
7159 7
7160 5
7161 3
7162 1
7163 9
7164 7
7165 4
7166 2
7167 0
7168 8
7169 6
7170 4
7171 2
7172 0
7173 8
7174 6
7175 3
7200 9
7201 7
7202 5
7203 3
7204 1
7205 8
7206 6
7207 4
7208 2
7209 0
7210 8
7211 6
7212 4
7213 2
7214 0
7215 7
7216 5
7217 3
7218 1
7219 9
7220 7
7221 5
7222 3
7223 1
7224 9
7225 6
7226 4
7227 2
7228 0
7229 8
7230 6
7231 4
7232 2
7233 0
7234 8
7235 5
7236 3
7237 1
7238 9
7239 7
7240 5
7241 3
7242 1
7243 9
7244 7
7245 4
7246 2
7247 0
7248 8
7249 6
7250 4
7251 2
7252 0
7253 8
7254 6
7255 3
7256 1
7257 9
7258 7
7259 5
7260 3
7261 1
7262 9
7263 7
7264 5
7265 2
7266 0
7267 8
7268 6
7269 4
7270 2
7271 0
7272 8
7273 6
7274 4
7275 1
7276 9
7277 7
7278 5
7279 3
7280 1
7281 9
7282 7
7283 5
7284 3
7285 0
7286 8
7287 6
7288 4
7289 2
7290 0
7291 8
7292 6
7293 4
7294 2
7295 9
7296 7
7297 5
7298 3
7299 1
7300 7
7301 5
7302 3
7303 1
7304 9
7305 6
7306 4
7307 2
7308 0
7309 8
7310 6
7311 4
7312 2
7313 0
7314 8
7315 5
7316 3
7317 1
7318 9
7319 7
7320 5
7321 3
7322 1
7323 9
7324 7
7325 4
7326 2
7327 0
7328 8
7329 6
7330 4
7331 2
7332 0
7333 8
7334 6
7335 3
7336 1
7337 9
7338 7
7339 5
7340 3
7341 1
7342 9
7343 7
7344 5
7345 2
7346 0
7347 8
7348 6
7349 4
7350 2
7351 0
7352 8
7353 6
7354 4
7355 1
7356 9
7357 7
7358 5
7359 3
7360 1
7361 9
7362 7
7363 5
7364 3
7365 0
7366 8
7367 6
7368 4
7369 2
7370 0
7371 8
7372 6
7373 4
7374 2
7375 9
7376 7
7377 5
7378 3
7379 1
7380 9
7381 7
7382 5
7383 3
7384 1
7385 8
7386 6
7387 4
7388 2
7389 0
7390 8
7391 6
7392 4
7393 2
7394 0
7395 7
7396 5
7397 3
7398 1
7399 9
7400 5
7401 3
7402 1
7403 9
7404 7
7405 4
7406 2
7407 0
7408 8
7409 6
7410 4
7411 2
7412 0
7413 8
7414 6
7415 3
7416 1
7417 9
7418 7
7419 5
7420 3
7421 1
7422 9
7423 7
7424 5
7425 2
7426 0
7427 8
7428 6
7429 4
7430 2
7431 0
7432 8
7433 6
7434 4
7435 1
7436 9
7437 7
7438 5
7439 3
7440 1
7441 9
7442 7
7443 5
7444 3
7445 0
7446 8
7447 6
7448 4
7449 2
7450 0
7451 8
7452 6
7453 4
7454 2
7455 9
7456 7
7457 5
7458 3
7459 1
7460 9
7461 7
7462 5
7463 3
7464 1
7465 8
7466 6
7467 4
7468 2
7469 0
7470 8
7471 6
7472 4
7473 2
7474 0
7475 7
7476 5
7477 3
7478 1
7479 9
7480 7
7481 5
7482 3
7483 1
7484 9
7485 6
7486 4
7487 2
7488 0
7489 8
7490 6
7491 4
7492 2
7493 0
7494 8
7495 5
7496 3
7497 1
7498 9
7499 7
7500 2
7501 0
7502 8
7503 6
7504 4
7505 1
7506 9
7507 7
7508 5
7509 3
7510 1
7511 9
7512 7
7513 5
7514 3
7515 0
7516 8
7517 6
7518 4
7519 2
7520 0
7521 8
7522 6
7523 4
7524 2
7525 9
7526 7
7527 5
7528 3
7529 1
7530 9
7531 7
7532 5
7533 3
7534 1
7535 8
7536 6
7537 4
7538 2
7539 0
7540 8
7541 6
7542 4
7543 2
7544 0
7545 7
7546 5
7547 3
7548 1
7549 9
7550 7
7551 5
7552 3
7553 1
7554 9
7555 6
7556 4
7557 2
7558 0
7559 8
7560 6
7561 4
7562 2
7563 0
7564 8
7565 5
7566 3
7567 1
7568 9
7569 7
7570 5
7571 3
7572 1
7573 9
7574 7
7575 4
7576 2
7577 0
7578 8
7579 6
7580 4
7581 2
7582 0
7583 8
7584 6
7585 3
7586 1
7587 9
7588 7
7589 5
7590 3
7591 1
7592 9
7593 7
7594 5
7595 2
7596 0
7597 8
7598 6
7599 4
7600 0
7601 8
7602 6
7603 4
7604 2
7605 9
7606 7
7607 5
7608 3
7609 1
7610 9
7611 7
7612 5
7613 3
7614 1
7615 8
7616 6
7617 4
7618 2
7619 0
7620 8
7621 6
7622 4
7623 2
7624 0
7625 7
7626 5
7627 3
7628 1
7629 9
7630 7
7631 5
7632 3
7633 1
7634 9
7635 6
7636 4
7637 2
7638 0
7639 8
7640 6
7641 4
7642 2
7643 0
7644 8
7645 5
7646 3
7647 1
7648 9
7649 7
7650 5
7651 3
7652 1
7653 9
7654 7
7655 4
7656 2
7657 0
7658 8
7659 6
7660 4
7661 2
7662 0
7663 8
7664 6
7665 3
7666 1
7667 9
7668 7
7669 5
7670 3
7671 1
7672 9
7673 7
7674 5
7675 2
7676 0
7677 8
7678 6
7679 4
7680 2
7681 0
7682 8
7683 6
7684 4
7685 1
7686 9
7687 7
7688 5
7689 3
7690 1
7691 9
7692 7
7693 5
7694 3
7695 0
7696 8
7697 6
7698 4
7699 2
7700 8
7701 6
7702 4
7703 2
7704 0
7705 7
7706 5
7707 3
7708 1
7709 9
7710 7
7711 5
7712 3
7713 1
7714 9
7715 6
7716 4
7717 2
7718 0
7719 8
7720 6
7721 4
7722 2
7723 0
7724 8
7725 5
7726 3
7727 1
7728 9
7729 7
7730 5
7731 3
7732 1
7733 9
7734 7
7735 4
7736 2
7737 0
7738 8
7739 6
7740 4
7741 2
7742 0
7743 8
7744 6
7745 3
7746 1
7747 9
7748 7
7749 5
7750 3
7751 1
7752 9
7753 7
7754 5
7755 2
7756 0
7757 8
7758 6
7759 4
7760 2
7761 0
7762 8
7763 6
7764 4
7765 1
7766 9
7767 7
7768 5
7769 3
7770 1
7771 9
7772 7
7773 5
7774 3
7775 0
7776 8
7777 6
7778 4
7779 2
7780 0
7781 8
7782 6
7783 4
7784 2
7785 9
7786 7
7787 5
7788 3
7789 1
7790 9
7791 7
7792 5
7793 3
7794 1
7795 8
7796 6
7797 4
7798 2
7799 0
7800 6
7801 4
7802 2
7803 0
7804 8
7805 5
7806 3
7807 1
7808 9
7809 7
7810 5
7811 3
7812 1
7813 9
7814 7
7815 4
7816 2
7817 0
7818 8
7819 6
7820 4
7821 2
7822 0
7823 8
7824 6
7825 3
7826 1
7827 9
7828 7
7829 5
7830 3
7831 1
7832 9
7833 7
7834 5
7835 2
7836 0
7837 8
7838 6
7839 4
7840 2
7841 0
7842 8
7843 6
7844 4
7845 1
7846 9
7847 7
7848 5
7849 3
7850 1
7851 9
7852 7
7853 5
7854 3
7855 0
7856 8
7857 6
7858 4
7859 2
7860 0
7861 8
7862 6
7863 4
7864 2
7865 9
7866 7
7867 5
7868 3
7869 1
7870 9
7871 7
7872 5
7873 3
7874 1
7875 8
7876 6
7877 4
7878 2
7879 0
7880 8
7881 6
7882 4
7883 2
7884 0
7885 7
7886 5
7887 3
7888 1
7889 9
7890 7
7891 5
7892 3
7893 1
7894 9
7895 6
7896 4
7897 2
7898 0
7900 4
7901 2
7902 0
7903 8
7904 6
7905 3
7906 1
7907 9
7908 7
7909 5
7910 3
7911 1
7912 9
7913 7
7914 5
7915 2
7916 0
7917 8
7918 6
7919 4
7920 2
7921 0
7922 8
7923 6
7924 4
7925 1
7926 9
7927 7
7928 5
7929 3
7930 1
7931 9
7932 7
7933 5
7934 3
7935 0
7936 8
7937 6
7938 4
7939 2
7940 0
7941 8
7942 6
7943 4
7944 2
7945 9
7946 7
7947 5
7948 3
7949 1
7950 9
7951 7
7952 5
7953 3
7954 1
7955 8
7956 6
7957 4
7958 2
7959 0
7960 8
7961 6
7962 4
7963 2
7964 0
7965 7
7966 5
7967 3
7968 1
7969 9
7970 7
7971 5
7972 3
7973 1
7974 9
7975 6
7976 4
7977 2
7978 0
7979 8
7980 6
7981 4
7982 2
7983 0
7984 8
7985 5
7986 3
7987 1
7988 9
7989 7
7990 5
7991 3
7992 1
7993 9
7994 7
7995 4
7996 2
7997 0
8000 2
8001 0
8002 8
8003 6
8004 4
8005 1
8006 9
8007 7
8008 5
8009 3
8010 1
8011 9
8012 7
8014 3
8015 0
8016 8
8017 6
8018 4
8019 2
8020 0
8021 8
8022 6
8023 4
8025 9
8026 7
8027 5
8028 3
8029 1
8030 9
8031 7
8032 5
8033 3
8034 1
8035 8
8036 6
8037 4
8038 2
8039 0
8040 8
8041 6
8042 4
8043 2
8045 7
8047 3
8050 7
8051 5
8052 3
8053 1
8054 9
8055 6
8056 4
8057 2
8058 0
8059 8
8060 6
8061 4
8062 2
8063 0
8064 8
8065 5
8066 3
8067 1
8068 9
8069 7
8070 5
8071 3
8072 1
8073 9
8074 7
8075 4
8076 2
8077 0
8078 8
8079 6
8080 4
8081 2
8082 0
8083 8
8084 6
8085 3
8086 1
8087 9
8088 7
8089 5
8090 3
8091 1
8092 9
8093 7
8094 5
8095 2
8096 0
8097 8
8098 6
8099 4
8100 0
8101 8
8102 6
8103 4
8104 2
8105 9
8106 7
8107 5
8108 3
8109 1
8110 9
8111 7
8112 5
8113 3
8114 1
8115 8
8116 6
8117 4
8118 2
8119 0
8120 8
8121 6
8122 4
8123 2
8124 0
8125 7
8126 5
8127 3
8128 1
8129 9
8130 7
8131 5
8132 3
8133 1
8134 9
8135 6
8136 4
8137 2
8138 0
8139 8
8140 6
8141 4
8142 2
8143 0
8144 8
8145 5
8146 3
8147 1
8148 9
8149 7
8150 5
8151 3
8152 1
8153 9
8154 7
8155 4
8156 2
8157 0
8158 8
8159 6
8160 4
8161 2
8162 0
8163 8
8164 6
8165 3
8166 1
8167 9
8168 7
8169 5
8170 3
8171 1
8172 9
8173 7
8174 5
8175 2
8176 0
8177 8
8178 6
8179 4
8180 2
8181 0
8182 8
8183 6
8184 4
8185 1
8186 9
8187 7
8188 5
8189 3
8190 1
8191 9
8192 7
8193 5
8194 3
8195 0
8196 8
8197 6
8198 4
8200 8
8201 6
8202 4
8203 2
8204 0
8205 7
8206 5
8207 3
8208 1
8209 9
8210 7
8211 5
8212 3
8213 1
8214 9
8215 6
8216 4
8217 2
8218 0
8219 8
8220 6
8221 4
8222 2
8223 0
8224 8
8225 5
8226 3
8227 1
8228 9
8229 7
8230 5
8231 3
8232 1
8233 9
8234 7
8235 4
8236 2
8237 0
8238 8
8239 6
8240 4
8241 2
8242 0
8243 8
8244 6
8245 3
8246 1
8247 9
8248 7
8249 5
8250 3
8251 1
8252 9
8253 7
8254 5
8255 2
8256 0
8257 8
8258 6
8259 4
8260 2
8261 0
8270 1
8271 9
8272 7
8273 5
8274 3
8275 0
8276 8
8277 6
8278 4
8279 2
8280 0
8281 8
8282 6
8283 4
8284 2
8285 9
8286 7
8287 5
8288 3
8290 9
8291 7
8292 5
8300 6
8301 4
8302 2
8303 0
8304 8
8305 5
8306 3
8307 1
8308 9
8309 7
8310 5
8311 3
8312 1
8313 9
8314 7
8315 4
8316 2
8317 0
8318 8
8319 6
8320 4
8321 2
8322 0
8323 8
8324 6
8325 3
8326 1
8327 9
8328 7
8329 5
8330 3
8331 1
8332 9
8333 7
8334 5
8335 2
8336 0
8337 8
8338 6
8339 4
8340 2
8341 0
8342 8
8343 6
8344 4
8345 1
8346 9
8347 7
8348 5
8349 3
8350 1
8351 9
8352 7
8353 5
8354 3
8355 0
8356 8
8357 6
8358 4
8359 2
8360 0
8361 8
8362 6
8363 4
8364 2
8365 9
8366 7
8367 5
8368 3
8369 1
8370 9
8371 7
8372 5
8373 3
8374 1
8375 8
8376 6
8377 4
8378 2
8379 0
8380 8
8381 6
8382 4
8383 2
8384 0
8385 7
8386 5
8387 3
8388 1
8389 9
8390 7
8391 5
8392 3
8393 1
8394 9
8395 6
8396 4
8397 2
8398 0
8399 8
8400 4
8401 2
8402 0
8403 8
8404 6
8405 3
8406 1
8407 9
8408 7
8409 5
8410 3
8411 1
8412 9
8413 7
8414 5
8415 2
8416 0
8417 8
8418 6
8419 4
8420 2
8421 0
8422 8
8423 6
8425 1
8428 5
8430 1
8431 9
8432 7
8433 5
8434 3
8435 0
8436 8
8437 6
8438 4
8439 2
8440 0
8441 8
8442 6
8443 4
8444 2
8445 9
8446 7
8447 5
8448 3
8449 1
8450 9
8451 7
8452 5
8453 3
8454 1
8456 6
8457 4
8458 2
8459 0
8460 8
8461 6
8462 4
8463 2
8464 0
8465 7
8466 5
8467 3
8468 1
8469 9
8470 7
8471 5
8474 9
8475 6
8476 4
8478 0
8480 6
8481 4
8485 5
8490 5
8491 3
8492 1
8493 9
8494 7
8496 2
8500 1
8501 9
8502 7
8503 5
8504 3
8505 0
8506 8
8507 6
8508 4
8509 2
8510 0
8511 8
8512 6
8513 4
8514 2
8515 9
8516 7
8517 5
8518 3
8519 1
8520 9
8521 7
8522 5
8523 3
8524 1
8525 8
8526 6
8527 4
8528 2
8529 0
8530 8
8531 6
8532 4
8533 2
8534 0
8535 7
8536 5
8537 3
8538 1
8539 9
8540 7
8541 5
8542 3
8543 1
8544 9
8545 6
8546 4
8547 2
8548 0
8549 8
8550 6
8551 4
8552 2
8553 0
8554 8
8555 5
8556 3
8557 1
8558 9
8559 7
8560 5
8561 3
8562 1
8563 9
8564 7
8565 4
8566 2
8567 0
8570 4
8571 2
8572 0
8573 8
8574 6
8575 3
8576 1
8577 9
8578 7
8579 5
8580 3
8581 1
8582 9
8583 7
8584 5
8585 2
8586 0
8587 8
8588 6
8589 4
8590 2
8591 0
8592 8
8596 9
8600 9
8601 7
8602 5
8603 3
8604 1
8605 8
8606 6
8607 4
8608 2
8609 0
8610 8
8611 6
8612 4
8613 2
8614 0
8615 7
8616 5
8617 3
8618 1
8619 9
8620 7
8621 5
8622 3
8623 1
8624 9
8625 6
8626 4
8627 2
8628 0
8629 8
8630 6
8631 4
8632 2
8633 0
8634 8
8635 5
8636 3
8637 1
8638 9
8639 7
8640 5
8641 3
8642 1
8643 9
8644 7
8645 4
8646 2
8647 0
8648 8
8649 6
8650 4
8651 2
8652 0
8653 8
8654 6
8655 3
8656 1
8657 9
8658 7
8659 5
8660 3
8661 1
8662 9
8663 7
8664 5
8665 2
8666 0
8667 8
8668 6
8669 4
8670 2
8671 0
8672 8
8673 6
8674 4
8675 1
8676 9
8677 7
8678 5
8679 3
8680 1
8681 9
8682 7
8683 5
8684 3
8685 0
8686 8
8687 6
8688 4
8689 2
8690 0
8691 8
8692 6
8693 4
8694 2
8695 9
8700 7
8701 5
8702 3
8703 1
8710 6
8711 4
8712 2
8713 0
8714 8
8715 5
8716 3
8740 3
8741 1
8742 9
8743 7
8744 5
8745 2
8750 2
8751 0
8752 8
8753 6
8754 4
8800 5
8801 3
8802 1
8803 9
8804 7
8805 4
8806 2
8807 0
8809 6
8810 4
8811 2
8812 0
8813 8
8814 6
8815 3
8816 1
8817 9
8818 7
8819 5
8820 3
8821 1
8822 9
8823 7
8824 5
8825 2
8826 0
8827 8
8828 6
8829 4
8830 2
8831 0
8832 8
8835 1
8836 9
8837 7
8838 5
8839 3
8840 1
8845 0
8850 0
8851 8
8852 6
8853 4
8854 2
8855 9
8856 7
8857 5
8858 3
8860 9
8861 7
8862 5
8863 3
8864 1
8865 8
8866 6
8867 4
8868 2
8869 0
8870 8
8871 6
8872 4
8873 2
8874 0
8875 7
8876 5
8877 3
8878 1
8879 9
8880 7
8881 5
8900 3
8901 1
8902 9
8903 7
8904 5
8905 2
8906 0
8907 8
8908 6
8909 4
8910 2
8911 0
8912 8
8913 6
8914 4
8915 1
8916 9
8917 7
8918 5
8919 3
8920 1
8921 9
8922 7
8923 5
8924 3
8925 0
8926 8
8927 6
8928 4
8930 0
8931 8
8932 6
8933 4
8934 2
8935 9
8936 7
8937 5
8938 3
8939 1
8940 9
8941 7
8942 5
8943 3
8944 1
8945 8
8946 6
8947 4
8948 2
8949 0
8950 8
8951 6
8952 4
8953 2
8954 0
8955 7
8956 5
8957 3
8958 1
8959 9
8960 7
8961 5
8962 3
8963 1
8964 9
8965 6
8966 4
8967 2
8968 0
8969 8
8970 6
8971 4
8972 2
8973 0
8974 8
8975 5
8976 3
8977 1
8978 9
8979 7
8980 5
8981 3
8982 1
8983 9
8984 7
8985 4
8986 2
8990 4
8991 2
8992 0
8993 8
8994 6
8998 7
8999 5
9000 1
9001 9
9002 7
9003 5
9004 3
9005 0
9006 8
9008 4
9010 0
9011 8
9012 6
9013 4
9014 2
9015 9
9016 7
9017 5
9018 3
9019 1
9020 9
9021 7
9022 5
9023 3
9024 1
9025 8
9026 6
9027 4
9029 0
9030 8
9031 6
9032 4
9033 2
9034 0
9035 7
9036 5
9037 3
9038 1
9039 9
9040 7
9041 5
9042 3
9043 1
9044 9
9045 6
9050 6
9051 4
9052 2
9053 0
9054 8
9055 5
9056 3
9057 1
9058 9
9059 7
9060 5
9061 3
9062 1
9063 9
9064 7
9065 4
9066 2
9067 0
9068 8
9069 6
9070 4
9071 2
9072 0
9073 8
9074 6
9075 3
9076 1
9077 9
9078 7
9079 5
9080 3
9081 1
9082 9
9083 7
9084 5
9085 2
9086 0
9087 8
9088 6
9089 4
9090 2
9091 0
9092 8
9093 6
9094 4
9095 1
9096 9
9097 7
9098 5
9100 9
9101 7
9102 5
9103 3
9104 1
9105 8
9106 6
9107 4
9108 2
9109 0
9110 8
9111 6
9112 4
9114 0
9115 7
9116 5
9117 3
9120 7
9121 5
9122 3
9123 1
9124 9
9125 6
9126 4
9127 2
9128 0
9129 8
9130 6
9131 4
9132 2
9133 0
9134 8
9135 5
9139 7
9140 5
9142 1
9145 4
9146 2
9150 4
9151 2
9152 0
9153 8
9154 6
9155 3
9156 1
9157 9
9158 7
9159 5
9160 3
9161 1
9162 9
9163 7
9164 5
9165 2
9166 0
9167 8
9168 6
9169 4
9170 2
9171 0
9172 8
9173 6
9174 4
9175 1
9176 9
9177 7
9178 5
9179 3
9180 1
9181 9
9182 7
9183 5
9184 3
9185 0
9186 8
9187 6
9188 4
9190 0
9191 8
9192 6
9193 4
9194 2
9195 9
9196 7
9197 5
9198 3
9199 1
9206 4
9800 4
9801 2
9802 0
9804 6
9805 3
9806 1
9807 9
9808 7
9809 5
9810 3
9811 1
9812 9
9813 7
9814 5
9815 2
9816 0
9817 8
9818 6
9819 4
9820 2
9821 0
9822 8
9823 6
9824 4
9825 1
9826 9
9827 7
9828 5
9829 3
9830 1
9831 9
9832 7
9833 5
9834 3
9835 0
9836 8
9837 6
9838 4
9839 2
9840 0
9841 8
9842 6
9843 4
9844 2
9845 9
9846 7
9847 5
9848 3
9849 1
9850 9
9851 7
9852 5
9853 3
9854 1
9855 8
9856 6
9857 4
9858 2
9859 0
9860 8
9861 6
9862 4
9863 2
9864 0
9865 7
9866 5
9867 3
9868 1
9869 9
9870 7
9871 5
9872 3
9873 1
9874 9
9875 6
9876 4
9877 2
9878 0
9879 8
9880 6
9881 4
9882 2
9883 0
9884 8
9885 5
9886 3
9887 1
9888 9
9889 7
9890 5
9891 3
9892 1
9893 9
9894 7
9895 4
9896 2
9897 0
9898 8
9899 6
9909 3
